# The units used in this file are centimeters.
v 2.229345 -0.992723 -0.862826
v 2.292449 -0.871852 -0.882400
v 2.410367 -0.777999 -0.841105
v 2.407309 -0.974980 -0.805091
v 2.539200 -0.727778 -0.750475
v 2.520417 -0.954785 -0.739445
v 2.637655 -0.768176 -0.637039
v 2.669281 -0.930664 -0.557166
v 2.514167 -1.077721 -0.706614
v 2.386465 -1.116066 -0.761367
v 2.180012 -1.130557 -0.821812
v 2.354287 -1.193746 -0.735189
v 2.158051 -1.209613 -0.783941
v 2.318787 -1.294090 -0.673863
v 2.126237 -1.330172 -0.721011
v 2.274533 -1.433487 -0.567366
v 2.486533 -1.274971 -0.627822
v 2.457060 -1.400958 -0.539866
v 2.549322 -1.335209 -0.535156
v 2.617970 -1.235597 -0.520238
v 2.510841 -1.158786 -0.678057
v 2.670253 -1.108365 -0.544018
v 2.710721 -0.830091 -0.532493
v 2.857666 -0.930625 -0.391195
v 2.757946 -1.099958 -0.471684
v 2.847364 -1.103812 -0.402301
v 2.803736 -1.255869 -0.438328
v 2.740886 -1.339225 -0.463604
v 2.663024 -1.440487 -0.478149
v 2.515314 -1.507063 -0.483275
v 2.422296 -1.510915 -0.494169
v 2.249663 -1.492705 -0.531270
v 2.079600 -1.473377 -0.654997
v 2.960118 -0.941827 -0.284743
v 2.928787 -1.107467 -0.312054
v 2.893096 -1.302168 -0.332049
v 2.824356 -1.407256 -0.355013
v 2.721135 -1.520418 -0.362378
v 2.545261 -1.593300 -0.386310
v 2.396607 -1.593239 -0.389972
v 2.243492 -1.584783 -0.431143
v 2.048200 -1.581983 -0.555832
v 2.970902 -0.959664 0.000000
v 2.931756 -1.129655 0.000000
v 2.896234 -1.319560 0.000000
v 2.821376 -1.431534 0.000000
v 2.706963 -1.528854 0.000000
v 2.534227 -1.617078 0.000000
v 2.348182 -1.624595 0.000000
v 2.167167 -1.596326 0.000000
v 1.920432 -1.567396 0.000000
v 2.881063 -0.493146 -0.521968
v 2.736198 -0.346225 -0.659345
v 2.835437 -0.231101 -0.577890
v 2.986408 -0.413503 -0.428964
v 2.910769 -0.638444 -0.431191
v 2.825540 -0.567578 -0.552597
v 2.688131 -0.517509 -0.672975
v 2.647368 -0.611550 -0.669485
v 2.618307 -0.549092 -0.805491
v 2.993075 -0.708434 -0.342596
v 3.045715 -0.767786 -0.261741
v 3.065544 -0.788768 0.000000
v 3.107533 -0.691019 -0.264602
v 3.118124 -0.703925 0.000000
v 3.053144 -0.609681 -0.326931
f 3 4 2
f 1 2 4
f 5 6 3
f 4 3 6
f 6 5 7
f 7 8 6
f 8 9 6
f 10 4 9
f 6 9 4
f 11 1 10
f 4 10 1
f 10 12 11
f 11 12 13
f 13 12 15
f 12 14 15
f 15 14 16
f 16 14 18
f 14 17 18
f 18 17 19
f 19 17 20
f 22 20 21
f 20 17 21
f 21 17 12
f 17 14 12
f 12 10 21
f 10 9 21
f 8 22 9
f 21 9 22
f 8 7 23
f 22 24 25
f 25 20 22
f 20 25 27
f 25 26 27
f 26 25 24
f 20 27 28
f 20 28 19
f 28 29 19
f 30 18 29
f 19 29 18
f 18 30 31
f 18 31 16
f 31 32 16
f 33 15 32
f 16 32 15
f 34 35 24
f 24 35 26
f 35 36 26
f 26 36 27
f 36 37 27
f 27 37 28
f 37 38 29
f 39 30 38
f 29 38 30
f 40 31 39
f 30 39 31
f 32 31 41
f 31 40 41
f 41 42 32
f 32 42 33
f 44 35 43
f 34 43 35
f 45 36 44
f 35 44 36
f 37 36 46
f 36 45 46
f 47 38 46
f 37 46 38
f 48 39 47
f 38 47 39
f 49 40 48
f 39 48 40
f 50 41 49
f 40 49 41
f 42 41 51
f 41 50 51
f 52 53 54
f 54 55 52
f 52 55 56
f 56 57 52
f 52 57 58
f 7 5 59
f 59 5 60
f 60 58 59
f 56 23 57
f 7 57 23
f 23 56 24
f 24 56 61
f 24 61 34
f 61 62 34
f 34 62 43
f 62 63 43
f 64 65 62
f 63 62 65
f 24 22 8
f 23 24 8
f 59 58 57
f 7 59 57
f 55 66 56
f 66 61 56
f 66 64 61
f 61 64 62
