fo     forsterite   0  5   2.0000  1   1.0000 10   4.0000  0
    0  -2172.474   0.09510   4.3660
         0.2333    0.000001494    -603.8   -1.8697
         0.0000285  1285.00     3.84
fa     fayalite   0  4   2.0000  1   1.0000 10   4.0000  0
    0  -1477.408   0.15100   4.6310
         0.2011    0.000017330   -1960.6   -0.9009
         0.0000282  1256.00     4.68
teph   tephroite   0  6   2.0000  1   1.0000 10   4.0000  0
    0  -1733.884   0.15590   4.8990
         0.2196    0.000000000   -1292.7   -1.3083
         0.0000286  1256.00     4.68
lrn    larnite   0  7   2.0000  1   1.0000 10   4.0000  0
    1  -2306.906   0.12760   5.1600
         0.2475   -0.000003206       0.0   -2.0519
         0.0000290   985.00     4.07   1710   0.01003    0.0500
mont   monticellite   0  7   1.0000  5   1.0000  1   1.0000 10   4.0000  0
    0  -2251.194   0.10950   5.1480
         0.2507   -0.000010433    -797.2   -1.9961
         0.0000287  1134.00     3.87
chum   clinohumite-OH   0  5   9.0000  1   4.0000 10  18.0000 11   2.0000  0
    0  -9613.094   0.44050  19.8010
         1.0710   -0.000016533   -7899.6   -7.3739
         0.0000320  1199.00     4.58
chdr   chondrodite-OH   0  5   5.0000  1   2.0000 10  10.0000 11   2.0000  0
    0  -5254.676   0.26000  11.0840
         0.6250   -0.000001088   -2259.9   -4.9107
         0.0000182  1161.00     4.80
mwd    Mg-wadsleyite   0  5   2.0000  1   1.0000 10   4.0000  0
    0  -2138.086   0.09390   4.0510
         0.2087    0.000003942   -1709.5   -1.3028
         0.0000237  1726.00     3.84
fwd    Fe-Wadsleyite   0  4   2.0000  1   1.0000 10   4.0000  0
    0  -1467.539   0.14600   4.3210
         0.2011    0.000017330   -1960.6   -0.9009
         0.0000273  1690.00     4.35
mrw    Mg-ringwoodite   0  5   2.0000  1   1.0000 10   4.0000  0
    0  -2126.795   0.09000   3.9490
         0.2133    0.000002690   -1410.4   -1.4959
         0.0000201  1781.00     4.35
frw    Fe-ringwoodite_gamma   0  4   2.0000  1   1.0000 10   4.0000  0
    0  -1471.387   0.14000   4.2030
         0.1668    0.000042610   -1705.4   -0.5414
         0.0000222  1977.00     4.92
mpv    MgSiO3_perovskite   0  5   1.0000  1   1.0000 10   3.0000  0
    0  -1442.136   0.06260   2.4450
         0.1493    0.000002918   -2983.0   -0.7991
         0.0000187  2510.00     4.14
fpv    FeSiO3_perovskite   0  4   1.0000  1   1.0000 10   3.0000  0
    0  -1082.880   0.09500   2.5340
         0.1332    0.000010830   -3661.4   -0.3147
         0.0000187  2810.00     4.14
apv    Al-perovskite   0  3   2.0000 10   3.0000  0
    0  -1619.817   0.05180   2.5400
         0.1395    0.000005890   -2460.6   -0.5892
         0.0000180  2030.00     4.00
npv    NaAl-perovskite   0  8   0.5000  3   0.5000  1   1.0000 10   3.0000  0
    0  -1365.000   0.06300   2.3340
         0.1350    0.000008460   -1850.3   -0.6008
         0.0000180  2030.00     4.00
ppv    MgSiO3_postperovskite   0  5   1.0000  1   1.0000 10   3.0000  0
    0  -1418.162   0.06040   2.4420
         0.1493    0.000002918   -2983.0   -0.7991
         0.0000187  2312.00     4.00
cpv    CaSiO3_perovskite   0  7   1.0000  1   1.0000 10   3.0000  0
    0  -1533.665   0.07450   2.7450
         0.1593    0.000000000    -967.3   -1.0754
         0.0000200  2360.00     3.90
mak    akimotoite   0  5   1.0000  1   1.0000 10   3.0000  0
    0  -1489.549   0.05930   2.6350
         0.1478    0.000002015   -2395.0   -0.8018
         0.0000212  2110.00     4.55
fak    Fe-akimotoite   0  4   1.0000  1   1.0000 10   3.0000  0
    0  -1142.119   0.09150   2.7600
         0.1003    0.000013328   -4364.9    0.4198
         0.0000212  2180.00     4.55
maj    majorite   0  5   4.0000  1   4.0000 10  12.0000  0
    0  -6042.015   0.26020  11.4570
         0.7136   -0.000000997   -1158.2   -6.6223
         0.0000183  1600.00     4.56
nagt   NaMg-garnet   0  8   1.0000  3   1.0000  5   2.0000  1   4.0000 10  12.0000  0
    0  -5985.000   0.26060  11.0900
         0.6208    0.000011200   -3755.9   -4.4213
         0.0000210  1700.00     4.00
py     pyrope   0  5   3.0000  3   2.0000  1   3.0000 10  12.0000  0
    0  -6284.651   0.26700  11.3130
         0.6335    0.000000000   -5196.1   -4.3152
         0.0000237  1743.00     4.05
alm    almandine   0  4   3.0000  3   2.0000  1   3.0000 10  12.0000  0
    0  -5266.991   0.33670  11.5250
         0.7162   -0.000012410   -3160.8   -5.8635
         0.0000212  1900.00     2.98
spss   spessartine   0  6   3.0000  3   2.0000  1   3.0000 10  12.0000  0
    0  -5692.332   0.33530  11.7920
         0.6469    0.000000000   -4525.8   -4.4528
         0.0000227  1740.00     6.68
gr     grossular   0  7   3.0000  3   2.0000  1   3.0000 10  12.0000  0
    0  -6642.506   0.25500  12.5350
         0.6260    0.000000000   -5779.2   -4.0029
         0.0000220  1720.00     5.53
andr   andradite   0  7   3.0000  4   2.0000  1   3.0000 10  12.0000  0
    0  -5768.971   0.31640  13.2040
         0.6386    0.000000000   -4955.1   -3.9892
         0.0000286  1588.00     5.68
ski    skiagite   0  4   5.0000  1   3.0000 10  12.0000  0
    0  -4330.858   0.40340  12.1440
         0.6899    0.000000000   -2948.6   -5.0303
         0.0000285  1574.00     6.70
knor   knorringite_Mg3Cr2Si3O   0  5   3.0000 19   2.0000  1   3.0000 10  12.0000  0
    0  -5701.413   0.30200  11.7380
         0.6130    0.000003606   -4178.0   -3.7294
         0.0000237  1534.00     4.34
uv     uvarovite_Ca3Cr2Si3O12   0  7   3.0000 19   2.0000  1   3.0000 10  12.0000  0
    0  -6057.807   0.32090  13.0770
         0.6051    0.000003606   -4760.6   -3.4171
         0.0000220  1620.00     4.70
osma   osumilite_Mg-Al   0  9   1.0000  5   2.0000  3   5.0000  1  10.0000 10  30.0000  0
    0 -14895.723   0.75500  37.8930
         1.5407   -0.000011359  -10339.0  -11.6990
         0.0000047  1290.00     4.10
osmm   osumilite_Mg-Mg   0  9   1.0000  5   3.0000  3   3.0000  1  11.0000 10  30.0000  0
    0 -14786.335   0.74000  38.4400
         1.5255   -0.000010267  -10538.0  -11.3370
         0.0000047  1290.00     4.10
osfa   osumilite_Fe-Al   0  9   1.0000  4   2.0000  3   5.0000  1  10.0000 10  30.0000  0
    0 -14214.756   0.78000  38.4500
         1.5586   -0.000011359   -9476.5  -11.8450
         0.0000049  1290.00     4.10
vsv    vesuvianite   0  7  19.0000  5   2.0000  3  11.0000  1  18.0000 10  78.0000 11   9.0000  0
    0 -42343.495   1.89000  85.2000
         4.4880   -0.000057952  -22269.3  -33.4780
         0.0000275  1255.00     4.80
and    andalusite   0  3   2.0000  1   1.0000 10   5.0000  0
    0  -2588.280   0.09270   5.1530
         0.2773   -0.000006588   -1914.1   -2.2656
         0.0000181  1442.00     6.89
ky     kyanite   0  3   2.0000  1   1.0000 10   5.0000  0
    0  -2592.586   0.08350   4.4140
         0.2794   -0.000007124   -2055.6   -2.2894
         0.0000192  1601.00     4.05
sill   sillimanite   0  3   2.0000  1   1.0000 10   5.0000  0
    2  -2585.390   0.09540   4.9860
         0.2802   -0.000006900   -1375.7   -2.3994
         0.0000112  1640.00     5.06   4.75 0.0100   4.75 0.0100     1   0.25
smul   Si-mullite   0  3   2.0000  1   1.0000 10   5.0000  0
    0  -2568.979   0.10150   4.9870
         0.2802   -0.000006900   -1375.7   -2.3994
         0.0000136  1740.00     4.00
amul   Al-mullite   0  3   2.5000  1   0.5000 10   4.7500  0
    0  -2485.682   0.11300   5.0830
         0.2448    0.000000968   -2533.3   -1.6416
         0.0000136  1740.00     4.00
tpz    hydroxy-topaz   0  3   2.0000  1   1.0000 10   6.0000 11   2.0000  0
    0  -2898.413   0.10050   5.3390
         0.3517   -0.000011200   -3908.0   -2.5118
         0.0000157  1315.00     4.06
mst    Mg-staurolite   0  5   4.0000  3  18.0000  1   7.5000 10  48.0000 11   4.0000  0
    0 -25120.726   0.91000  44.2600
         2.8205   -0.000059366  -13774.0  -24.1260
         0.0000181  1684.00     4.05
fst    Fe-staurolite   0  4   4.0000  3  18.0000  1   7.5000 10  48.0000 11   4.0000  0
    0 -23752.278   1.01000  44.8800
         2.8800   -0.000056595  -10642.0  -25.3730
         0.0000183  1800.00     4.76
mnst   Mn-staurolite   0  6   4.0000  3  18.0000  1   7.5000 10  48.0000 11   4.0000  0
    0 -24240.449   1.03400  45.4600
         2.8733   -0.000089064  -12688.0  -24.7490
         0.0000209  1800.00     4.76
mctd   Mg-chloritoid   0  5   1.0000  3   2.0000  1   1.0000 10   7.0000 11   2.0000  0
    0  -3548.918   0.14600   6.8750
         0.4174   -0.000003771   -2920.6   -3.4178
         0.0000263  1456.00     4.06
fctd   Fe-chloritoid   0  4   1.0000  3   2.0000  1   1.0000 10   7.0000 11   2.0000  0
    0  -3208.140   0.16700   6.9800
         0.4161   -0.000003477   -2835.9   -3.3603
         0.0000280  1456.00     4.06
mnctd  Mn-chloritoid   0  6   1.0000  3   2.0000  1   1.0000 10   7.0000 11   2.0000  0
    0  -3335.214   0.16600   7.1750
         0.4644   -0.000012654   -1147.2   -4.3410
         0.0000260  1456.00     4.06
merw   merwinite   0  7   3.0000  5   1.0000  1   2.0000 10   8.0000  0
    0  -4545.595   0.25310   9.8470
         0.4175    0.000008117   -2923.0   -2.3203
         0.0000319  1200.00     4.07
spu    spurrite   0  7   5.0000  1   2.0000 12   1.0000 10  11.0000  0
    0  -5846.651   0.33200  14.6970
         0.6141   -0.000003508   -2493.1   -4.1680
         0.0000340   950.00     4.09
zo     zoisite   0  7   2.0000  3   3.0000  1   3.0000 10  13.0000 11   1.0000  0
    0  -6895.573   0.29800  13.5750
         0.6620    0.000010416   -6006.4   -4.2607
         0.0000312  1044.00     4.00
cz     clinozoisite   0  7   2.0000  3   3.0000  1   3.0000 10  13.0000 11   1.0000  0
    0  -6894.828   0.30100  13.6300
         0.6309    0.000013693   -6645.8   -3.7311
         0.0000233  1197.00     4.07
ep     epidote(ordered)   0  7   2.0000  3   2.0000  4   1.0000  1   3.0000 10  13.0000 11   1.0000  0
    0  -6473.114   0.31500  13.9200
         0.6133    0.000022070   -7160.0   -2.9877
         0.0000234  1340.00     4.00
fep    Fe-epidote   0  7   2.0000  3   1.0000  4   2.0000  1   3.0000 10  13.0000 11   1.0000  0
    0  -6028.352   0.32900  14.2100
         0.5847    0.000030447   -7674.2   -2.2443
         0.0000231  1513.00     4.00
pmt    piemontite_(ordered)   0  7   2.0000  3   2.0000  6   1.0000  1   3.0000 10  13.0000 11   1.0000  0
    0  -6542.317   0.34000  13.8200
         0.5698    0.000027790   -5442.9   -2.8126
         0.0000238  1197.00     4.07
law    lawsonite   0  7   1.0000  3   2.0000  1   2.0000 10  10.0000 11   4.0000  0
    0  -4868.142   0.22900  10.1320
         0.6878    0.000001566     375.9   -7.1792
         0.0000265  1229.00     5.45
mpm    pumpellyite_(MgAl)   0  7   4.0000  3   5.0000  5   1.0000  1   6.0000 10  28.0000 11   7.0000  0
    0 -14385.706   0.62900  29.5500
         1.7208   -0.000024928   -5998.7  -14.6203
         0.0000248  1615.00     4.05
fpm    pumpellyite_(FeAl)   0  7   4.0000  3   5.0000  4   1.0000  1   6.0000 10  28.0000 11   7.0000  0
    0 -14033.007   0.65700  29.6800
         1.7372   -0.000024582   -5161.1  -14.9630
         0.0000249  1615.00     4.05
jgd    julgoldite_(FeFe   0  7   4.0000  4   6.0000  1   6.0000 10  28.0000 11   7.0000  0
    0 -11807.848   0.83000  31.0800
         1.7954   -0.000037986   -4455.7  -14.8880
         0.0000249  1615.00     4.05
geh    gehlenite   0  7   2.0000  3   2.0000  1   1.0000 10   7.0000  0
    2  -3991.724   0.19850   9.0240
         0.4057   -0.000007099   -1188.3   -3.1744
         0.0000223  1080.00     4.08   7.51 0.0900   7.50 0.0900     1   0.80
ak     akermanite   0  7   2.0000  5   1.0000  1   2.0000 10   7.0000  0
    0  -3865.640   0.21250   9.2540
         0.3854    0.000003209    -247.5   -2.8899
         0.0000257  1420.00     4.06
rnk    rankinite   0  7   3.0000  1   2.0000 10   7.0000  0
    0  -3943.870   0.21000   9.6510
         0.3723   -0.000002893   -2462.4   -2.1813
         0.0000328   950.00     4.09
ty     tilleyite   0  7   5.0000  1   2.0000 12   2.0000 10  13.0000  0
    0  -6368.047   0.39000  17.0390
         0.7417   -0.000005345   -1434.6   -5.8785
         0.0000342   950.00     4.09
crd    cordierite   0  5   2.0000  3   4.0000  1   5.0000 10  18.0000  0
    2  -9162.779   0.40410  23.3220
         0.9061    0.000000000   -7902.0   -6.2934
         0.0000068  1290.00     4.10  36.71 0.1000  36.70 0.1000     2   1.50
hcrd   hydrous-cordierite   0  5   2.0000  3   4.0000  1   5.0000 10  19.0000 11   2.0000  0
    2  -9447.792   0.48300  23.3220
         0.9553    0.000000000   -8352.6   -6.3012
         0.0000067  1290.00     4.10  36.71 0.1000  36.70 0.1000     2   1.50
fcrd   Fe-cordierite   0  4   2.0000  3   4.0000  1   5.0000 10  18.0000  0
    2  -8443.320   0.46100  23.7100
         0.9240    0.000000000   -7039.4   -6.4396
         0.0000067  1290.00     4.10  36.71 0.1000  36.70 0.1000     2   1.50
mncrd  Mn-cordierite   0  6   2.0000  3   4.0000  1   5.0000 10  18.0000  0
    2  -8691.738   0.47300  24.0270
         0.8865    0.000000000   -8840.0   -5.5904
         0.0000069  1290.00     4.10  36.71 0.1000  36.70 0.1000     2   1.50
phA    phaseA   0  5   7.0000  1   2.0000 10  14.0000 11   6.0000  0
    0  -7129.505   0.35050  15.4220
         0.9620   -0.000011521   -4517.8   -7.7247
         0.0000355  1450.00     4.06
phD    phaseD   0  5   1.0000  1   2.0000 10   6.0000 11   2.0000  0
    0  -2670.427   0.11120   5.1030
         0.2946    0.000007944   -5008.7   -1.3355
         0.0000379  1650.00     5.00
phE    phaseE   0  5   2.4000  1   1.2000 10   6.0000 11   2.4000  0
    0  -2931.697   0.16900   6.4350
         0.3974   -0.000003533   -1344.4   -3.2902
         0.0000379   930.00     5.00
shB    superHyrdrousphaseB   0  5  10.0000  1   3.0000 10  18.0000 11   4.0000  0
    0  -9477.597   0.39600  18.6150
         1.0777    0.000000642   -7407.4   -7.4287
         0.0000356  1320.00     5.30
sph    sphene   0  7   1.0000  2   1.0000  1   1.0000 10   5.0000  0
    1  -2596.377   0.12920   5.5650
         0.2279    0.000002924   -3539.5   -0.8943
         0.0000158  1017.00     9.85    485   0.00040    0.0050
cstn   CaSi-Titanite   0  7   1.0000  1   2.0000 10   5.0000  0
    0  -2483.037   0.09950   4.8180
         0.2056    0.000006034   -5517.7   -0.3526
         0.0000158  1782.00     4.00
zrc    zircon   0 16   1.0000  1   1.0000 10   4.0000  0
    0  -2035.200   0.08303   3.9260
         0.2320   -0.000014405       0.0   -2.2382
         0.0000125  2301.00     4.04
zrt    ZrTiO4_in   0 16   1.0000  2   1.0000 10   4.0000  0
    0  -1993.172   0.10280   4.4200
         0.2146   -0.000008226     190.3   -1.8204
         0.0000125  2301.00     4.04
tcn    TiSiO4_in   0  2   1.0000  1   1.0000 10   4.0000  0
    0  -1762.757   0.08100   3.4930
         0.2086   -0.000003669     113.0   -1.9069
         0.0000125  2301.00     4.04
en     enstatite   0  5   2.0000  1   2.0000 10   6.0000  0
    0  -3090.089   0.13250   6.2620
         0.3562   -0.000002990    -596.9   -3.1853
         0.0000227  1059.00     8.65
pren   protoenstatite   0  5   2.0000  1   2.0000 10   6.0000  0
    0  -3084.427   0.13700   6.4760
         0.3562   -0.000002990    -596.9   -3.1853
         0.0000230  1059.00     8.65
cen    clino_enstatite   0  5   2.0000  1   2.0000 10   6.0000  0
    0  -3090.985   0.13200   6.2640
         0.3060   -0.000003793   -3041.7   -1.8521
         0.0000211  1059.00     8.65
hen    Hi-P_clinoenstatite   0  5   2.0000  1   2.0000 10   6.0000  0
    0  -3082.665   0.13170   6.0990
         0.3562   -0.000002990    -596.9   -3.1853
         0.0000226  1500.00     5.50
hfs    Hi-P_clinoferrosilite   0  4   2.0000  1   2.0000 10   6.0000  0
    0  -2380.492   0.18900   6.4050
         0.3987   -0.000006579    1290.1   -4.0580
         0.0000237  1500.00     5.50
fs     ferrosilite   0  4   2.0000  1   2.0000 10   6.0000  0
    0  -2388.448   0.18990   6.5920
         0.3987   -0.000006579    1290.1   -4.0580
         0.0000326  1010.00     4.08
mgts   Mg-tschermaks_pyroxe   0  5   1.0000  3   2.0000  1   1.0000 10   6.0000  0
    0  -3200.497   0.12850   6.0500
         0.3714   -0.000004082    -398.4   -3.5471
         0.0000217  1028.00     8.55
di     diopside   0  7   1.0000  5   1.0000  1   2.0000 10   6.0000  0
    0  -3202.036   0.14290   6.6190
         0.3145    0.000000041   -2745.9   -2.0201
         0.0000273  1192.00     5.19
hed    hedenbergite   0  7   1.0000  4   1.0000  1   2.0000 10   6.0000  0
    0  -2842.150   0.17500   6.7950
         0.3402    0.000000812   -1047.8   -2.6467
         0.0000238  1192.00     3.97
jd     jadeite   0  8   1.0000  3   1.0000  1   2.0000 10   6.0000  0
    0  -3025.384   0.13350   6.0400
         0.3194    0.000003616   -1173.9   -2.4695
         0.0000210  1281.00     3.81
kjd    K-jadeite   0  9   1.0000  3   1.0000  1   2.0000 10   6.0000  0
    0  -2932.700   0.14124   6.4790
         0.3162    0.000006905    -905.3   -2.4890
         0.0000273  1450.00     5.00
acm    acmite   0  8   1.0000  4   1.0000  1   2.0000 10   6.0000  0
    0  -2583.433   0.17060   6.4590
         0.3071    0.000016758   -1685.5   -2.1258
         0.0000211  1060.00     4.08
kos    kosmochlor_NaCrSi2O6   0  8   1.0000 19   1.0000  1   2.0000 10   6.0000  0
    0  -2745.086   0.14965   6.3090
         0.3092    0.000005419    -664.6   -2.1766
         0.0000194  1308.00     3.00
cats   Ca-tschermaks_pyroxe   0  7   1.0000  3   2.0000  1   1.0000 10   6.0000  0
    2  -3309.675   0.13500   6.3560
         0.3476   -0.000006974   -1781.6   -2.7575
         0.0000208  1192.00     5.19   3.80 0.0100   3.80 0.0100     1   0.25
caes   Ca-eskola_pyroxene   0  7   0.5000  3   1.0000  1   2.0000 10   6.0000  0
    0  -2997.268   0.12360   6.0500
         0.3582   -0.000010213    -880.5   -3.3522
         0.0000231  1192.00     5.19
rhod   rhodonite   0  6   1.0000  1   1.0000 10   3.0000  0
    0  -1322.310   0.10050   3.4940
         0.1384    0.000004088   -1936.0   -0.5389
         0.0000281   840.00     4.00
pxmn   pyroxmangite   0  6   1.0000  1   1.0000 10   3.0000  0
    0  -1323.096   0.09930   3.4720
         0.1384    0.000004088   -1936.0   -0.5389
         0.0000280   840.00     4.00
wo     wollastonite   0  7   1.0000  1   1.0000 10   3.0000  0
    0  -1633.825   0.08250   3.9930
         0.1593    0.000000000    -967.3   -1.0754
         0.0000254   795.00     4.10
pswo   pseudowollastonite   0  7   1.0000  1   1.0000 10   3.0000  0
    0  -1628.028   0.08780   4.0080
         0.1578    0.000000000    -967.3   -1.0754
         0.0000285  1100.00     4.08
wal    walstromite   0  7   1.0000  1   1.0000 10   3.0000  0
    0  -1625.665   0.08450   3.7633
         0.1593    0.000000000    -967.3   -1.0754
         0.0000320   860.00     4.00
tr     tremolite   0  7   2.0000  5   5.0000  1   8.0000 10  24.0000 11   2.0000  0
    0 -12305.140   0.55300  27.2700
         1.2602    0.000003830  -11455.0   -8.2376
         0.0000261   762.00     4.10
fact   ferroactinolite   0  7   2.0000  4   5.0000  1   8.0000 10  24.0000 11   2.0000  0
    0 -10503.803   0.71000  28.4200
         1.2900    0.000029992   -8447.5   -8.9470
         0.0000288   760.00     4.10
ts     tschermakite   0  7   2.0000  5   3.0000  3   4.0000  1   6.0000 10  24.0000 11   2.0000  0
    0 -12553.955   0.53300  26.7390
         1.2448    0.000024348  -11965.0   -8.1121
         0.0000266   760.00     4.10
parg   pargasite   0  8   1.0000  7   2.0000  5   4.0000  3   3.0000  1   6.0000 10  24.0000 11   2.0000  0
    0 -12664.484   0.63500  27.1900
         1.2802    0.000022997  -12359.5   -8.0658
         0.0000280   912.00     4.09
gl     glaucophane   0  8   2.0000  5   3.0000  3   2.0000  1   8.0000 10  24.0000 11   2.0000  0
    0 -11956.217   0.53000  25.9800
         1.7175   -0.000121070    7075.0  -19.2720
         0.0000158   883.00     4.09
fgl    ferroglaucophane   0  8   2.0000  3   2.0000  4   3.0000  1   8.0000 10  24.0000 11   2.0000  0
    0 -10879.566   0.62400  26.5900
         1.7629   -0.000118992    9423.7  -20.2071
         0.0000183   890.00     4.09
nyb    nyboite   0  8   3.0000  5   3.0000  3   3.0000  1   7.0000 10  24.0000 11   2.0000  0
    0 -12165.556   0.62200  26.3140
         1.7452   -0.000112162    6425.5  -19.1630
         0.0000220   910.00     4.09
rieb   riebeckite   0  8   2.0000  4   5.0000  1   8.0000 10  24.0000 11   2.0000  0
    0 -10024.129   0.69500  27.4900
         1.7873   -0.000124882    9627.1  -20.2755
         0.0000181   890.00     4.09
anth   anthophyllite   0  5   7.0000  1   8.0000 10  24.0000 11   2.0000  0
    0 -12066.403   0.53700  26.5400
         1.2773    0.000025825   -9704.6   -9.0747
         0.0000252   700.00     4.11
fanth  Fe-anthophyllite   0  4   7.0000  1   8.0000 10  24.0000 11   2.0000  0
    0  -9623.633   0.72500  27.8700
         1.3831    0.000030669   -4224.7  -11.2576
         0.0000274   700.00     4.11
cumm   cummingtonite   0  5   7.0000  1   8.0000 10  24.0000 11   2.0000  0
    0 -12064.260   0.53800  26.3300
         1.2773    0.000025825   -9704.6   -9.0747
         0.0000252   700.00     4.11
grun   grunerite   0  4   7.0000  1   8.0000 10  24.0000 11   2.0000  0
    0  -9606.187   0.73500  27.8400
         1.3831    0.000030669   -4224.7  -11.2576
         0.0000274   648.00     4.12
ged    gedrite_(526)   0  5   5.0000  3   4.0000  1   6.0000 10  24.0000 11   2.0000  0
    0 -12306.366   0.53500  25.9560
         1.3077    0.000023642   -9307.4   -9.7990
         0.0000241   700.00     4.11
spr4   sapphirine(221)   0  5   4.0000  3   8.0000  1   2.0000 10  20.0000  0
    0 -11019.292   0.42550  19.9000
         1.1331   -0.000007596   -8816.6   -8.1806
         0.0000205  2500.00     4.04
spr5   sapphirine(351)   0  5   3.0000  3  10.0000  1   1.0000 10  20.0000  0
    0 -11133.045   0.41950  19.7500
         1.1034    0.000001015  -10957.0   -7.4092
         0.0000206  2500.00     4.04
fspr   Fe-sapphirine(221)   0  4   4.0000  3   8.0000  1   2.0000 10  20.0000  0
    0  -9656.545   0.48500  19.9230
         1.1329   -0.000007348  -10420.2   -7.0366
         0.0000196  2500.00     4.04
mcar   magnesiocarpholite   0  5   1.0000  3   2.0000  1   2.0000 10  10.0000 11   4.0000  0
    0  -4770.703   0.22150  10.5900
         0.6830   -0.000014054     291.0   -6.9764
         0.0000243   525.00     4.14
fcar   ferrocarpholite   0  4   1.0000  3   2.0000  1   2.0000 10  10.0000 11   4.0000  0
    0  -4411.277   0.25110  10.6950
         0.6866   -0.000012415     186.0   -6.8840
         0.0000221   525.00     4.14
deer   deerite   0  4  18.0000  1  12.0000 10  50.0000 11  10.0000  0
    0 -18338.992   1.65000  55.7400
         3.1644   -0.000027883   -5039.1  -26.7210
         0.0000275   630.00     4.12
mu     muscovite   0  9   1.0000  3   3.0000  1   3.0000 10  12.0000 11   2.0000  0
    0  -5976.173   0.29200  14.0830
         0.7564   -0.000019840   -2170.0   -6.9792
         0.0000307   490.00     4.15
cel    celadonite   0  9   1.0000  5   1.0000  3   1.0000  1   4.0000 10  12.0000 11   2.0000  0
    0  -5834.631   0.29000  13.9570
         0.7412   -0.000018748   -2368.8   -6.6169
         0.0000307   700.00     4.11
fcel   ferroceladonite   0  9   1.0000  4   1.0000  3   1.0000  1   4.0000 10  12.0000 11   2.0000  0
    0  -5468.672   0.33000  14.0700
         0.7563   -0.000019147   -1586.1   -6.9287
         0.0000318   700.00     4.11
pa     paragonite   0  8   1.0000  3   3.0000  1   3.0000 10  12.0000 11   2.0000  0
    0  -5942.421   0.27700  13.2110
         0.8030   -0.000031580     217.0   -8.1510
         0.0000370   515.00     6.51
ma     margarite   0  7   1.0000  3   4.0000  1   2.0000 10  12.0000 11   2.0000  0
    0  -6241.205   0.26500  12.9640
         0.7444   -0.000016800   -2074.4   -6.7832
         0.0000233  1000.00     4.08
phl    phlogopite   0  9   1.0000  5   3.0000  3   1.0000  1   3.0000 10  12.0000 11   2.0000  0
    0  -6214.793   0.32600  14.9640
         0.7703   -0.000036939   -2328.9   -6.5316
         0.0000380   513.00     7.33
ann    annite   0  9   1.0000  4   3.0000  3   1.0000  1   3.0000 10  12.0000 11   2.0000  0
    0  -5140.924   0.42000  15.4320
         0.8157   -0.000034861      19.8   -7.4667
         0.0000380   513.00     7.33
fbi    ferri-bi_=   0  9   1.0000  4   1.0000  5   2.0000  3   2.0000  1   2.0000 10  12.0000 11   2.0000  0
    0  -5896.080   0.34870  15.0725
         0.7918   -0.000038031   -1718.3   -6.8869
         0.0000380   513.00     7.33
obi    ordered_bi   0  9   1.0000  5   2.0000  4   1.0000  3   1.0000  1   3.0000 10  12.0000 11   2.0000  0
    0  -5862.620   0.35733  15.1200
         0.7854   -0.000036246   -1546.0   -6.8433
         0.0000380   513.00     7.33
mnbi   Mn-biotite   0  9   1.0000  6   3.0000  3   1.0000  1   3.0000 10  12.0000 11   2.0000  0
    0  -5475.624   0.43300  15.2640
         0.8099   -0.000059213   -1514.4   -6.9987
         0.0000380   530.00     7.33
east   eastonite   0  9   1.0000  5   2.0000  3   3.0000  1   2.0000 10  12.0000 11   2.0000  0
    0  -6330.516   0.31800  14.7380
         0.7855   -0.000038031   -2130.3   -6.8937
         0.0000380   530.00     7.33
naph   sodaphlogopite   0  8   1.0000  5   3.0000  3   1.0000  1   3.0000 10  12.0000 11   2.0000  0
    0  -6164.513   0.31800  14.4500
         0.7735   -0.000040229   -2597.9   -6.5126
         0.0000328   513.00     7.33
tan    talc-phlogopite   0  5   3.0000  1   4.0000 10  12.0000 11   2.0000  0
    0  -5900.145   0.25900  13.6650
         0.6222    0.000000000   -6385.5   -3.9163
         0.0000180   430.00     6.17
clin   clinochlore(ordered)   0  5   5.0000  3   2.0000  1   3.0000 10  18.0000 11   8.0000  0
    0  -8908.688   0.43700  21.1400
         1.1708   -0.000001508   -3825.8  -10.3150
         0.0000204   870.00     4.09
ames   amesite(14A)   0  5   4.0000  3   4.0000  1   2.0000 10  18.0000 11   8.0000  0
    0  -9040.581   0.41200  20.7100
         1.1860   -0.000002599   -3627.2  -10.6770
         0.0000200   870.00     4.09
afchl  Al-free_chlorite   0  5   6.0000  1   4.0000 10  18.0000 11   8.0000  0
    0  -8726.794   0.43900  21.5700
         1.1550   -0.000000417   -4024.4   -9.9529
         0.0000204   870.00     4.09
daph   daphnite   0  4   5.0000  3   2.0000  1   3.0000 10  18.0000 11   8.0000  0
    0  -7117.324   0.58400  21.6200
         1.1920   -0.000005940   -4826.4   -9.7683
         0.0000227   870.00     4.09
mnchl  Mn-chlorite   0  6   5.0000  3   2.0000  1   3.0000 10  18.0000 11   8.0000  0
    0  -7698.827   0.59500  22.5900
         1.1365   -0.000005243   -5548.1   -8.9115
         0.0000223   870.00     4.09
sud    sudoite   0  5   2.0000  3   4.0000  1   3.0000 10  18.0000 11   8.0000  0
    0  -8625.854   0.39500  20.3000
         1.4361   -0.000048749   -2748.5  -13.7640
         0.0000199   870.00     4.09
fsud   ferrosudoite   0  4   2.0000  3   4.0000  1   3.0000 10  18.0000 11   8.0000  0
    0  -7899.515   0.45600  20.4000
         1.4663   -0.000047365   -1182.8  -14.3880
         0.0000208   870.00     4.09
prl    pyrophyllite   0  3   2.0000  1   4.0000 10  12.0000 11   2.0000  0
    0  -5640.503   0.23900  12.8040
         0.7845   -0.000042948    1251.0   -8.4959
         0.0000450   370.00    10.00
ta     talc   0  5   3.0000  1   4.0000 10  12.0000 11   2.0000  0
    0  -5896.996   0.25900  13.6650
         0.6222    0.000000000   -6385.5   -3.9163
         0.0000180   430.00     6.17
fta    ferrotalc   0  4   3.0000  1   4.0000 10  12.0000 11   2.0000  0
    0  -4798.896   0.35200  14.2250
         0.5797    0.000039494   -6459.3   -3.0881
         0.0000180   430.00     6.17
tats   tschermak-talc   0  5   2.0000  3   2.0000  1   3.0000 10  12.0000 11   2.0000  0
    0  -6000.834   0.25900  13.5100
         0.5495    0.000036324   -8606.6   -2.5153
         0.0000180   430.00     6.17
tap    prl_with   0  3   2.0000  1   4.0000 10  12.0000 11   2.0000  0
    0  -5649.387   0.23500  13.4500
         0.7845   -0.000042948    1251.0   -8.4959
         0.0000450   370.00    10.00
nta    NaAl_talc   0  8   1.0000  5   3.0000  3   1.0000  1   3.0000 10  12.0000 11   2.0000  0
    0  -6163.634   0.31800  14.4500
         0.7735   -0.000040229   -2597.9   -6.5126
         0.0000328   513.00     7.33
minn   minnesotaite   0  4   3.0000  1   4.0000 10  12.0000 11   2.0000  0
    0  -4818.832   0.35500  14.8510
         0.5797    0.000039494   -6459.3   -3.0881
         0.0000180   430.00     6.17
minm   Mg-minnesotaite   0  5   3.0000  1   4.0000 10  12.0000 11   2.0000  0
    0  -5865.883   0.26390  14.2910
         0.6222    0.000000000   -6385.5   -3.9163
         0.0000180   430.00     6.17
kao    kaolinite   0  3   2.0000  1   2.0000 10   9.0000 11   4.0000  0
    0  -4121.865   0.20370   9.9340
         0.4367   -0.000034295   -4055.9   -2.6991
         0.0000251   645.00     4.12
pre    prehnite   0  7   2.0000  3   2.0000  1   3.0000 10  12.0000 11   2.0000  0
    0  -6201.671   0.29280  14.0260
         0.7249   -0.000013865   -2059.0   -6.3239
         0.0000158  1093.00     4.01
fpre   ferri-prehnite   0  7   2.0000  3   1.0000  4   1.0000  1   3.0000 10  12.0000 11   2.0000  0
    0  -5766.124   0.32000  14.8000
         0.7371   -0.000016810   -1957.3   -6.3581
         0.0000158  1093.00     4.01
chr    chrysotile   0  5   3.0000  1   2.0000 10   9.0000 11   4.0000  0
    0  -4360.815   0.22130  10.7460
         0.6247   -0.000020770   -1721.8   -5.6194
         0.0000220   628.00     4.00
liz    lizardite   0  5   3.0000  1   2.0000 10   9.0000 11   4.0000  0
    0  -4369.004   0.21200  10.6450
         0.6147   -0.000020770   -1721.8   -5.6194
         0.0000220   710.00     3.20
glt    greenalite   0  4   3.0000  1   2.0000 10   9.0000 11   4.0000  0
    0  -3297.231   0.31000  11.9800
         0.5764    0.000002984   -3757.0   -4.1662
         0.0000228   630.00     4.00
fstp   ferrostilpnomelane   0  9   0.5000  4   5.0000  1   8.0000  3   2.0000 10  30.5000 11  12.5000  0
    0 -12550.605   0.93020  37.2390
         1.9443   -0.000012289   -4840.2  -16.6350
         0.0000368   513.00     7.33
mstp   Mg-stilpnomelane   0  9   0.5000  5   5.0000  1   8.0000  3   2.0000 10  30.5000 11  12.5000  0
    0 -14287.012   0.84740  36.5770
         1.8622   -0.000014018   -8983.1  -14.9230
         0.0000371   513.00     7.33
atg    antigorite   0  5  48.0000  1  34.0000 10 147.0000 11  62.0000  0
    0 -71401.877   3.62000 175.4800
         9.6210   -0.000091183  -35941.6  -83.0342
         0.0000280   631.00     5.92
ab     albite   0  8   1.0000  3   1.0000  1   3.0000 10   8.0000  0
    2  -3935.388   0.20740  10.0670
         0.4520   -0.000013364   -1275.9   -3.9536
         0.0000236   541.00     5.91  14.00 0.0420  13.00 0.0420     3   0.90
abh    albite(high)   0  8   1.0000  3   1.0000  1   3.0000 10   8.0000  0
    0  -3921.383   0.22430  10.1050
         0.4520   -0.000013364   -1275.9   -3.9536
         0.0000241   541.00     5.91
mic    microcline   0  9   1.0000  3   1.0000  1   3.0000 10   8.0000  0
    0  -3975.367   0.21430  10.8710
         0.4488   -0.000010075   -1007.3   -3.9731
         0.0000166   583.00     4.02
san    sanidine   0  9   1.0000  3   1.0000  1   3.0000 10   8.0000  0
    2  -3966.717   0.21430  10.8710
         0.4488   -0.000010075   -1007.3   -3.9731
         0.0000166   583.00     4.02   8.65 0.0240   8.50 0.0240     3   0.80
an     anorthite   0  7   1.0000  3   2.0000  1   2.0000 10   8.0000  0
    2  -4232.191   0.20050  10.0790
         0.3705    0.000010010   -4339.1   -1.9606
         0.0000141   860.00     4.09  42.01 0.1000  42.00 0.1000     1   2.00
kcm    K-Cymrite   0  9   1.0000  3   1.0000  1   3.0000 10   9.0000 11   2.0000  0
    0  -4232.657   0.28150  11.4380
         0.5365   -0.000010090    -980.4   -4.7350
         0.0000321   425.00     2.00
wa     Si-wadeite   0  9   2.0000  1   4.0000 10   9.0000  0
    0  -4272.106   0.25400  10.8440
         0.4991    0.000000000       0.0   -4.3501
         0.0000266   900.00     4.00
hol    hollandite   0  9   1.0000  3   1.0000  1   3.0000 10   8.0000  0
    0  -3791.972   0.16620   7.1280
         0.4176   -0.000003617   -4748.1   -2.8199
         0.0000280  1800.00     4.00
q      quartz   0  1   1.0000 10   2.0000  0
    1   -910.694   0.04143   2.2690
         0.0928   -0.000000642    -714.9   -0.7161
         0.0000000   584.00     8.96    847   0.00535    0.1267
trd    tridymite(high)   0  1   1.0000 10   2.0000  0
    0   -907.056   0.04420   2.8000
         0.0749    0.000003100   -1174.0   -0.2367
         0.0000000   150.00     4.36
crst   cristobalite(high)   0  1   1.0000 10   2.0000  0
    0   -904.215   0.05096   2.7450
         0.0727    0.000001304   -4129.0    0.0000
         0.0000000   160.00     4.35
coe    coesite   0  1   1.0000 10   2.0000  0
    0   -907.043   0.03970   2.0640
         0.1078   -0.000003279    -190.3   -1.0416
         0.0000123   979.00     4.19
stv    stishovite   0  1   1.0000 10   2.0000  0
    0   -876.846   0.02400   1.4010
         0.0681    0.000006010   -1978.2   -0.0821
         0.0000158  3090.00     4.60
ne     nepheline   0  8   1.0000  3   1.0000  1   1.0000 10   4.0000  0
    1  -2094.676   0.12440   5.4190
         0.2727   -0.000012398       0.0   -2.7631
         0.0000463   465.00     4.16    467   0.01000    0.0800
cg     carnegieite_(low)   0  8   1.0000  3   1.0000  1   1.0000 10   4.0000  0
    0  -2091.910   0.11870   5.6030
         0.1161    0.000086021   -1992.7    0.0000
         0.0000450   465.00     4.16
cgh    carnegieite_high   0  8   1.0000  3   1.0000  1   1.0000 10   4.0000  0
    0  -2078.194   0.13500   5.6700
         0.2292    0.000011876       0.0   -1.9707
         0.0000467   465.00     4.16
macf   Mg-Al-Ferrite   0  5   1.0000  3   2.0000 10   4.0000  0
    0  -2246.040   0.08000   3.6140
         0.2000    0.000006252   -2996.4   -0.8884
         0.0000193  2120.00     4.00
mscf   Mg-Si-ferrite   0  5   2.0000  1   1.0000 10   4.0000  0
    0  -2061.501   0.08750   3.6490
         0.2133    0.000002690   -1410.4   -1.4959
         0.0000201  1850.00     4.00
fscf   Fe-Si-ferrite   0  4   2.0000  1   1.0000 10   4.0000  0
    0  -1402.500   0.14340   3.9140
         0.1811    0.000018526   -2767.2   -0.5271
         0.0000201  1850.00     4.00
nacf   Na-Al-ferrite   0  8   1.0000  3   1.0000  1   1.0000 10   4.0000  0
    0  -1965.599   0.11000   3.6310
         0.2727   -0.000012398       0.0   -2.7631
         0.0000210  1850.00     4.60
cacf   Ca-Al-Ferrite   0  7   1.0000  3   2.0000 10   4.0000  0
    0  -2325.600   0.08760   3.9760
         0.1919    0.000009563   -3211.3   -0.6402
         0.0000193  1900.00     4.00
manal  MgAl-NAL   0  5   3.0000  3   6.0000 10  12.0000  0
    0  -6796.630   0.25000  11.1660
         0.6000    0.000018756   -8989.2   -2.6652
         0.0000193  1840.00     4.00
nanal  NaSi-NAL   0  8   1.0000  5   2.0000  3   5.0000  1   1.0000 10  12.0000  0
    0  -6610.270   0.28000  11.3220
         0.6727    0.000000106   -5992.8   -4.5399
         0.0000201  1840.00     4.00
msnal  MgSi-NAL   0  5   6.0000  1   3.0000 10  12.0000  0
    0  -6172.380   0.27250  11.0610
         0.6399    0.000008070   -4231.2   -4.4877
         0.0000210  1850.00     4.00
fsnal  MFeSi-NAL   0  4   6.0000  1   3.0000 10  12.0000  0
    0  -4146.000   0.44020  11.8560
         0.5433    0.000055578   -8301.6   -1.5813
         0.0000210  1850.00     4.00
canal  CaAl-NAL   0  7   1.0000  5   2.0000  3   6.0000 10  12.0000  0
    0  -6840.000   0.25760  11.1590
         0.5919    0.000022067   -9204.1   -2.4170
         0.0000193  1770.00     4.00
sdl    sodalite   0  8   8.0000  3   6.0000  1   6.0000 13   2.0000 10  24.0000  0
    0 -13407.255   0.91000  42.1300
         1.5327    0.000047747   -2972.8  -12.4270
         0.0000463   465.00     4.16
kls    kalsilite   0  9   1.0000  3   1.0000  1   1.0000 10   4.0000  0
    0  -2122.890   0.13600   6.0520
         0.2420   -0.000004482    -895.8   -1.9358
         0.0000316   514.00     2.00
lc     leucite   0  9   1.0000  3   1.0000  1   2.0000 10   6.0000  0
    2  -3029.249   0.19850   8.8260
         0.3698   -0.000016332     684.7   -3.6831
         0.0000185   450.00     5.70  11.61 0.4000  11.60 0.4000     2   0.70
me     meionite   0  7   4.0000  3   6.0000  1   6.0000 10  27.0000 12   1.0000  0
    0 -13840.324   0.75200  33.9850
         1.3590    0.000036442   -8594.7   -9.5982
         0.0000182   870.00     4.09
wrk    wairakite   0  7   1.0000  3   2.0000  1   4.0000 10  14.0000 11   4.0000  0
    0  -6661.904   0.38000  19.0400
         0.8383   -0.000021460   -2272.0   -7.2923
         0.0000149   860.00     4.09
lmt    laumontite   0  7   1.0000  3   2.0000  1   4.0000 10  16.0000 11   8.0000  0
    0  -7262.155   0.46500  20.3700
         1.0134   -0.000021413   -2235.8   -8.8067
         0.0000137   860.00     4.09
heu    heulandite   0  7   1.0000  3   2.0000  1   7.0000 10  24.0000 11  12.0000  0
    0 -10544.590   0.78300  31.7000
         1.5048   -0.000033224   -2959.3  -13.2972
         0.0000157   274.00     4.00
stlb   stilbite   0  7   1.0000  3   2.0000  1   7.0000 10  25.0000 11  14.0000  0
    0 -10896.163   0.71000  32.8700
         1.5884   -0.000032043   -3071.6  -13.9669
         0.0000151   860.00     4.09
anl    analcite   0  8   1.0000  3   1.0000  1   2.0000 10   7.0000 11   2.0000  0
    0  -3307.153   0.23200   9.7400
         0.6435   -0.000016067    9302.3   -9.1796
         0.0000276   400.00     4.18
lime   lime   0  7   1.0000 10   1.0000  0
    0   -634.565   0.03810   1.6760
         0.0524    0.000003673    -750.7   -0.0510
         0.0000341  1130.00     3.87
ru     rutile   0  2   1.0000 10   2.0000  0
    0   -943.805   0.05030   1.8820
         0.0809    0.000001658   -1243.9   -0.2111
         0.0000224  2220.00     4.24
per    periclase   0  5   1.0000 10   1.0000  0
    0   -601.583   0.02650   1.1250
         0.0605    0.000000362    -535.8   -0.2992
         0.0000311  1616.00     3.95
fper   Fe-periclase   0  4   1.0000 10   1.0000  0
    0   -262.300   0.05860   1.2060
         0.0444    0.000008280   -1214.2    0.1852
         0.0000322  1520.00     4.90
wu     wustite_FeO   0  4   1.0000 10   1.0000  0
    0   -262.364   0.06300   1.2060
         0.0674    0.000003758     315.7   -0.3817
         0.0000322  1520.00     4.00
mang   manganosite_MnO   0  6   1.0000 10   1.0000  0
    0   -385.567   0.05970   1.3220
         0.0598    0.000003600     -31.4   -0.2826
         0.0000369  1645.00     4.46
cor    corundum   0  3   2.0000 10   3.0000  0
    0  -1674.875   0.05090   2.5580
         0.1395    0.000005890   -2460.6   -0.5892
         0.0000180  2540.00     4.34
mcor   MgSiO3-corundum   0  5   1.0000  1   1.0000 10   3.0000  0
    0  -1468.382   0.05930   2.6350
         0.1478    0.000002015   -2395.0   -0.8018
         0.0000212  2110.00     4.55
hem    hematite   0  4   2.0000 10   3.0000  0
    1   -825.332   0.08740   3.0270
         0.1639    0.000000000   -2257.2   -0.6576
         0.0000279  2230.00     4.04    955   0.01560    0.0000
esk    eskolaite_Cr2O3   0 19   2.0000 10   3.0000  0
    0  -1128.173   0.08300   2.8980
         0.1190    0.000009496   -1442.0   -0.0034
         0.0000159  2450.00     3.60
bix    bixbyite_Mn2O3   0  6   2.0000 10   3.0000  0
    0   -959.000   0.11370   3.1370
         0.1451    0.000023534     721.6   -1.0084
         0.0000291  2230.00     4.04
NiO    nickel_oxide   0 15   1.0000 10   1.0000  0
    1   -239.478   0.03800   1.0970
         0.0477    0.000007824    -392.5    0.0000
         0.0000330  2000.00     3.94    520   0.00570    0.0000
pnt    pyrophanite   0  6   1.0000  2   1.0000 10   3.0000  0
    0  -1361.447   0.10650   3.2880
         0.1435    0.000003373   -1940.7   -0.4076
         0.0000240  1700.00     8.30
geik   geikielite   0  5   1.0000  2   1.0000 10   3.0000  0
    2  -1568.656   0.07460   3.0860
         0.1361    0.000001656   -2533.0   -0.2839
         0.0000215  1700.00     8.30   8.31 0.0000   8.30 0.0000     1   0.50
ilm    ilmenite   0  4   1.0000  2   1.0000 10   3.0000  0
    2  -1232.276   0.10750   3.1690
         0.1253    0.000009938   -2458.1   -0.0259
         0.0000240  1700.00     8.30   7.05 0.1300   7.05 0.1300     1   0.50
bdy    baddeleyite   0 16   1.0000 10   2.0000  0
    0  -1100.299   0.05040   2.1150
         0.0896    0.000000354    -853.1   -0.4137
         0.0000200   953.00     3.88
bdyT   baddeleyite_tetragonal   0 16   1.0000 10   2.0000  0
    0  -1095.995   0.05340   2.1150
         0.0896    0.000000354    -853.1   -0.4137
         0.0000200   953.00     3.88
bdyC   baddeleyite_cubic   0 16   1.0000 10   2.0000  0
    0  -1085.935   0.05720   2.4950
         0.0896    0.000000354    -853.1   -0.4137
         0.0000200   953.00     3.88
ten    tenorite_CuO   0 18   1.0000 10   1.0000  0
    0   -156.100   0.04260   1.2220
         0.0310    0.000013740   -1258.0    0.3693
         0.0000357  2000.00     3.94
cup    cuprite_Cu2O   0 18   2.0000 10   1.0000  0
    0   -170.600   0.09240   2.3440
         0.1103    0.000000000       0.0   -0.6748
         0.0000333  1310.00     5.70
sp     spinel   0  5   1.0000  3   2.0000 10   4.0000  0
    2  -2299.712   0.08063   3.9780
         0.2005    0.000006252   -2996.4   -0.8884
         0.0000193  1922.00     4.04  13.93 0.0000  -3.60 0.0000     2  -0.50
herc   hercynite   0  4   1.0000  3   2.0000 10   4.0000  0
    2  -1949.047   0.11390   4.0750
         0.1849    0.000014170   -3674.8   -0.4040
         0.0000206  1922.00     4.04  13.93 0.0000  -3.60 0.0000     2  -0.50
mt     magnetite   0  4   3.0000 10   4.0000  0
    1  -1114.012   0.14690   4.4520
         0.2625   -0.000007205   -1926.2   -1.6557
         0.0000371  1857.00     4.05    848   0.03500    0.0000
mft    magnesioferrite   0  5   1.0000  4   2.0000 10   4.0000  0
    1  -1442.162   0.12100   4.4570
         0.2705   -0.000007505    -999.2   -2.0224
         0.0000363  1857.00     4.05    665   0.01700    0.0000
qnd    qandilite_(Mg2TiO4)   0  5   2.0000  2   1.0000 10   4.0000  0
    0  -2157.482   0.11170   4.5290
         0.1617    0.000032860   -2382.2   -0.2786
         0.0000263  1470.00     4.00
usp    ulvospinel_(Fe2TiO4)   0  4   2.0000  2   1.0000 10   4.0000  0
    2  -1495.677   0.17100   4.6820
         0.1295    0.000048696   -3739.0    0.6902
         0.0000386  1470.00     4.00   1.00 0.0000   0.90 0.0000     1   0.50
picr   picrochromite_MgCr2O4   0  5   1.0000 19   2.0000 10   4.0000  0
    0  -1764.136   0.11830   4.3560
         0.1961    0.000005398   -3126.0   -0.6169
         0.0000260  1922.00     4.04
br     brucite   0  5   1.0000 10   2.0000 11   2.0000  0
    0   -925.607   0.06320   2.4630
         0.1584   -0.000004076   -1052.3   -1.1713
         0.0000620   415.00     6.45
dsp    diaspore   0  3   1.0000 10   2.0000 11   1.0000  0
    0   -999.590   0.03450   1.7860
         0.1451    0.000008709     584.4   -1.7411
         0.0000357  2280.00     4.04
gth    goethite   0  4   1.0000 10   2.0000 11   1.0000  0
    0   -561.632   0.06030   2.0820
         0.1393    0.000000147    -212.7   -1.0778
         0.0000435  2500.00     4.03
cc     calcite   0  7   1.0000 12   1.0000 10   3.0000  0
    1  -1207.739   0.09250   3.6890
         0.1409    0.000005029    -950.7   -0.8584
         0.0000252   733.00     4.06   1240   0.01000    0.0400
arag   aragonite   0  7   1.0000 10   3.0000 12   1.0000  0
    0  -1207.634   0.08980   3.4150
         0.1671    0.000010695     162.0   -1.5649
         0.0000614   614.00     5.87
mag    magnesite   0  5   1.0000 10   3.0000 12   1.0000  0
    0  -1110.858   0.06550   2.8030
         0.1864   -0.000003772       0.0   -1.8862
         0.0000338  1028.00     5.41
sid    siderite   0  4   1.0000 12   1.0000 10   3.0000  0
    0   -762.039   0.09330   2.9430
         0.1684    0.000000000       0.0   -1.4836
         0.0000439  1200.00     4.07
rhc    rhodochrosite   0  6   1.0000 12   1.0000 10   3.0000  0
    0   -892.285   0.09800   3.1070
         0.1695    0.000000000       0.0   -1.5343
         0.0000244   953.00     3.88
dol    dolomite   0  7   1.0000  5   1.0000 10   6.0000 12   2.0000  0
    2  -2326.181   0.15610   6.4290
         0.3589   -0.000004905       0.0   -3.4562
         0.0000328   943.00     3.74  11.91 0.0160  11.90 0.0160     1   1.00
ank    ankerite   0  7   1.0000  4   1.0000 10   6.0000 12   2.0000  0
    2  -1971.213   0.18846   6.6060
         0.3410   -0.000001161       0.0   -3.0548
         0.0000346   914.00     3.88  11.91 0.0160  11.90 0.0160     1   1.00
syv    sylvite   0  9   1.0000 13   1.0000  0
    0   -436.500   0.08260   3.7520
         0.0462    0.000017970       0.0    0.0000
         0.0001109   170.00     5.00
hlt    halite   0  8   1.0000 13   1.0000  0
    0   -411.300   0.07210   2.7020
         0.0452    0.000017970       0.0    0.0000
         0.0001147   238.00     5.00
pyr    pyrite   0  4   1.0000 17   2.0000  0
    0   -171.640   0.05290   2.3940
         0.0373    0.000026715   -1817.0    0.6493
         0.0000310  1395.00     4.09
trot   troilite_(in   0  4   1.0000 17   1.0000  0
    1    -99.004   0.06550   1.8190
         0.0502    0.000011052    -940.0    0.0000
         0.0000568   658.00     4.17    598   0.01200    0.0410
tro    troilite   0  4   1.0000 17   1.0000  0
    1    -97.776   0.07080   1.8190
         0.0502    0.000011052    -940.0    0.0000
         0.0000573   658.00     4.17    598   0.01200    0.0410
lot    low_troilite   0  4   1.0000 17   1.0000  0
    1   -102.183   0.06000   1.8180
         0.0502    0.000011052    -940.0    0.0000
         0.0000493   658.00     4.17    420   0.01000    0.0000
trov   pyrrhotite   0  4   0.8800 17   1.0000  0
    1    -95.997   0.05750   1.7380
         0.0511    0.000008307    -669.7    0.0000
         0.0000594   658.00     4.17    595   0.01000    0.0160
any    anhydrite   0  7   1.0000 17   1.0000 10   4.0000  0
    0  -1434.400   0.10690   4.5940
         0.1287    0.000048545   -1223.0   -0.5605
         0.0000418   543.80     4.19
iron   iron   0  4   1.0000  0
    1     -0.000   0.02709   0.7090
         0.0462    0.000005159     723.1   -0.5562
         0.0000356  1640.00     5.16   1042   0.00830    0.0000
Ni     nickel   0 15   1.0000  0
    1      0.000   0.02987   0.6590
         0.0498    0.000000000     585.9   -0.5339
         0.0000428  1905.00     4.25    631   0.00300    0.0000
Cu     copper   0 18   1.0000  0
    0     -0.000   0.03314   0.7110
         0.0124    0.000009220    -379.9    0.2335
         0.0000358  1625.00     4.24
gph    graphite   0 12   1.0000  0
    0      0.000   0.00576   0.5300
         0.0343    0.000000000    -240.7   -0.4038
         0.0000165   312.00     3.90
diam   diamond   0 12   1.0000  0
    0      1.893   0.00236   0.3420
         0.0400    0.000000000     -28.5   -0.5805
         0.0000040  4465.00     1.61
S      sulphur   0 17   1.0000  0
    0      0.000   0.03205   1.5510
         0.0566   -0.000004557     638.0   -0.6818
         0.0000640   145.00     7.00
H2O    water   0 11   2.0000 10   1.0000  0
    6   -241.810   0.18880   0.0000
         0.0401    0.000008656     487.5   -0.2512
         0.0000000     0.00     0.00
CO2    carbon_dioxide   0 12   1.0000 10   2.0000  0
    6   -393.513   0.21370   0.0000
         0.0878   -0.000002644     706.4   -0.9989
         0.0000000     0.00     0.00
CO     carbon_monoxide   0 12   1.0000 10   1.0000  0
    6   -110.530   0.19767   0.0000
         0.0457   -0.000000097     662.7   -0.4147
         0.0000000     0.00     0.00
CH4    methane   0 12   1.0000 11   4.0000  0
    6    -74.810   0.18626   0.0000
         0.1501    0.000002063    3427.7   -2.6504
         0.0000000     0.00     0.00
O2     oxygen   0 10   2.0000  0
    6     -0.000   0.20520   0.0000
         0.0483   -0.000000691     499.2   -0.4207
         0.0000000     0.00     0.00
H2     hydrogen   0 11   2.0000  0
    6      0.000   0.13070   0.0000
         0.0233    0.000004627       0.0    0.0763
         0.0000000     0.00     0.00
S2     sulphur_gas   0 17   2.0000  0
    6    128.542   0.23100   0.0000
         0.0371    0.000002398    -161.0   -0.0650
         0.0000000     0.00     0.00
H2S    Hydrogen_sulphide   0 11   2.0000 17   1.0000  0
    6    -20.305   0.20577   0.0000
         0.0474    0.000010240     615.9   -0.3978
         0.0000000     0.00     0.00
syvL   sylvite_(liquid)   0  9   1.0000 13   1.0000  0
    7   -417.409   0.09450   3.8220
         0.0669    0.000000000       0.0    0.0000
         0.0003010    56.00     4.65   -0.02000
hltL   halite_liquid)   0  8   1.0000 13   1.0000  0
    7   -392.991   0.08010   2.9380
         0.0720   -0.000003223       0.0    0.0000
         0.0002950    64.00     4.61   -0.01500
perL   MgO_liquid   0  5   1.0000 10   1.0000  0
    7   -654.174  -0.06430   0.8390
         0.0990    0.000000000       0.0    0.0000
         0.0002260   362.00    10.06   -0.04100
limL   CaO_liquid   0  7   1.0000 10   1.0000  0
    7   -692.319  -0.04750   1.3030
         0.0990    0.000000000       0.0    0.0000
         0.0001750   362.00    10.06   -0.04100
corL   corundum_liquid   0  3   2.0000 10   3.0000  0
    7  -1632.862   0.01490   3.3690
         0.1576    0.000000000       0.0    0.0000
         0.0000703   150.00     6.00   -0.03500
eskL   Cr2O3_liquid   0 19   2.0000 10   3.0000  0
    7  -1062.178   0.06330   3.7090
         0.1576    0.000000000       0.0    0.0000
         0.0000703   150.00     6.00   -0.03500
hemL   Fe2O3_liquid   0  4   2.0000 10   3.0000  0
    7   -875.035  -0.03320   3.2208
         0.2290    0.000000000       0.0    0.0000
         0.0001953   230.00     4.00   -0.04600
qL     quartz_liquid   0  1   1.0000 10   2.0000  0
    7   -921.102   0.01640   2.7300
         0.0825    0.000000000       0.0    0.0000
         0.0000000   220.00     9.46   -0.03500
h2oL   H2O_liquid   0 11   2.0000 10   1.0000  0
    7   -281.655   0.06660   1.3355
         0.0650    0.000000000       0.0    0.0000
         0.0006260    42.28     4.00   -0.01060
foL    forsterite_liquid   0  5   2.0000  1   1.0000 10   4.0000  0
    7  -2237.206  -0.06200   4.3120
         0.2694    0.000000000       0.0    0.0000
         0.0000920   362.00    10.06   -0.04400
faL    fayalite_liquid   0  4   2.0000  1   1.0000 10   4.0000  0
    7  -1462.697   0.09600   4.6770
         0.2437    0.000000000       0.0    0.0000
         0.0001071   290.00    10.42   -0.05500
woL    wollastonite_liquid   0  7   1.0000  1   1.0000 10   3.0000  0
    7  -1642.633   0.02250   3.9850
         0.1674    0.000000000       0.0    0.0000
         0.0000669   325.00     9.38   -0.02000
enL    enstatite_liquid   0  5   2.0000  1   2.0000 10   6.0000  0
    7  -3096.446  -0.00400   6.9840
         0.3536    0.000000000       0.0    0.0000
         0.0000681   218.00     7.20   -0.02400
diL    diopside_liquid   0  7   1.0000  5   1.0000  1   2.0000 10   6.0000  0
    7  -3194.039   0.04210   7.2880
         0.3340    0.000000000       0.0    0.0000
         0.0000851   249.00     8.04   -0.03730
silL   sillimanite_liquid   0  3   2.0000  1   1.0000 10   5.0000  0
    7  -2593.972   0.01000   6.0510
         0.2530    0.000000000       0.0    0.0000
         0.0000408   220.00     6.36   -0.02900
anL    anorthite_liquid   0  7   1.0000  3   2.0000  1   2.0000 10   8.0000  0
    7  -4277.499   0.02900  10.0140
         0.4300    0.000000000       0.0    0.0000
         0.0000514   210.00     6.38   -0.05500
kspL   K-feldspar_liquid   0  9   1.0000  3   1.0000  1   3.0000 10   8.0000  0
    7  -3985.140   0.12920  11.4310
         0.3680    0.000000000       0.0    0.0000
         0.0000493   173.00     6.84   -0.00900
abL    albite_liquid   0  8   1.0000  3   1.0000  1   3.0000 10   8.0000  0
    7  -3925.460   0.14990  10.8580
         0.3580    0.000000000       0.0    0.0000
         0.0000337   176.00    14.35   -0.02600
neL    nepheline_liquid   0  8   1.0000  3   1.0000  1   1.0000 10   4.0000  0
    7  -2116.911   0.05290   5.2000
         0.2165    0.000000000       0.0    0.0000
         0.0001370   250.00     7.37   -0.00800
ksL    kalsilite_liquid   0  9   1.0000  3   1.0000  1   1.0000 10   4.0000  0
    7  -2149.075   0.05760   6.0818
         0.2170    0.000000000       0.0    0.0000
         0.0000700   250.00     8.37   -0.00900
ruL    rutile_liquid   0  2   1.0000 10   2.0000  0
    7   -947.875   0.00100   1.7032
         0.1118    0.000000000       0.0    0.0000
         0.0002901   149.00     8.00   -0.03500
bdyL   baddeleyite_liquid   0 16   1.0000 10   2.0000  0
    7  -1031.851   0.04890   1.8300
         0.0900    0.000000000       0.0    0.0000
         0.0002000   149.00     8.00   -0.03000
H+     hydrogen_ion   0 11   1.0000 14  -1.0000  0
    8     -0.000   0.00000   0.0000
         0.0000    0.000000000       0.0    0.0000
         0.0000000     0.00     0.00  0.0000
Cl-    chloride_ion   0 13   1.0000 14   1.0000  0
    8   -167.080   0.05673   1.7790
         0.0000    0.000000000       0.0    0.0000
         0.0000000     0.00     0.00 -0.1414
OH-    hydroxyl_ion   0 10   1.0000 11   1.0000 14   1.0000  0
    8   -230.020  -0.01071  -0.4180
         0.0000    0.000000000       0.0    0.0000
         0.0000000     0.00     0.00 -0.1372
Na+    sodium_ion   0  8   1.0000 14  -1.0000  0
    8   -240.300   0.05840  -0.1110
         0.0000    0.000191300       0.0    0.0000
         0.0000000     0.00     0.00  0.0306
K+     potassium_ion   0  9   1.0000 14  -1.0000  0
    8   -252.170   0.10104   0.9060
         0.0000    0.000072700       0.0    0.0000
         0.0000000     0.00     0.00  0.0072
Ca++   calcium_ion   0  7   1.0000 14  -2.0000  0
    8   -543.300  -0.05650  -1.8060
         0.0000   -0.000069000       0.0    0.0000
         0.0000000     0.00     0.00 -0.0463
Mg++   magnesium_ion   0  5   1.0000 14  -2.0000  0
    8   -465.960  -0.13810  -2.1550
         0.0000   -0.000046200       0.0    0.0000
         0.0000000     0.00     0.00 -0.0265
Fe++   ferrous_ion   0  4   1.0000 14  -2.0000  0
    8    -90.420  -0.10711  -2.2200
         0.0000    0.000000000       0.0    0.0000
         0.0000000     0.00     0.00 -0.0339
Al+++  aluminium_ion   0  3   1.0000 14  -3.0000  0
    8   -527.230  -0.31630  -4.4400
         0.0000    0.000000000       0.0    0.0000
         0.0000000     0.00     0.00 -0.1427
CO3--  carbonate_ion   0 12   1.0000 10   3.0000 14   2.0000  0
    8   -675.230  -0.05000  -0.5020
         0.0000    0.000000000       0.0    0.0000
         0.0000000     0.00     0.00 -0.2908
AlOH3  aluminium_hydroxide   0  3   1.0000 10   3.0000 11   3.0000  0
    8  -1251.850   0.05360   0.0000
         0.0000    0.000000000       0.0    0.0000
         0.0000000     0.00     0.00  0.1015
AlOH4- aluminium_hydroxide   0  3   1.0000 10   4.0000 11   4.0000 14   1.0000  0
    8  -1495.780   0.12690   0.0000
         0.0000    0.000000000       0.0    0.0000
         0.0000000     0.00     0.00  0.0965
KOH    potassium_hydroxide   0  9   1.0000 10   1.0000 11   1.0000  0
    8   -473.620   0.10962  -0.8000
         0.0000    0.000094500       0.0    0.0000
         0.0000000     0.00     0.00 -0.0293
HCl    hydrogen_chloride   0 11   1.0000 13   1.0000  0
    8   -162.130   0.05673   1.7790
         0.0000    0.000090300       0.0    0.0000
         0.0000000     0.00     0.00  0.0540
KCl    potassium_chloride   0  9   1.0000 13   1.0000  0
    8   -400.030   0.18481   4.4090
         0.0000    0.000054300       0.0    0.0000
         0.0000000     0.00     0.00 -0.0380
NaCl   sodium_chloride   0  8   1.0000 13   1.0000  0
    8   -399.880   0.12609   2.2260
         0.0000    0.000191300       0.0    0.0000
         0.0000000     0.00     0.00 -0.0020
CaCl2  calcium_chloride   0  7   1.0000 13   2.0000  0
    8   -877.060   0.04600   3.2600
         0.0000    0.000136900       0.0    0.0000
         0.0000000     0.00     0.00  0.0343
CaCl+  calcium_chloride   0  7   1.0000 13   1.0000 14  -1.0000  0
    8   -701.280   0.02736   0.5740
         0.0000   -0.000069000       0.0    0.0000
         0.0000000     0.00     0.00  0.0400
MgCl2  magnesium_chloride   0  5   1.0000 13   2.0000  0
    8   -796.080  -0.02243   2.9200
         0.0000    0.000239900       0.0    0.0000
         0.0000000     0.00     0.00  0.0186
MgCl+  magnesium_chloride   0  5   1.0000 13   1.0000 14  -1.0000  0
    8   -632.480  -0.08137   0.1260
         0.0000   -0.000046200       0.0    0.0000
         0.0000000     0.00     0.00  0.1126
FeCl2  ferrous_chloride   0  4   1.0000 13   2.0000  0
    8   -375.340   0.10988   2.7000
         0.0000    0.000450300       0.0    0.0000
         0.0000000     0.00     0.00  0.0124
aqSi   silica_(aq)   0  1   1.0000 10   2.0000  0
    8   -887.804   0.04635   1.8320
         0.0000    0.000177500       0.0    0.0000
         0.0000000     0.00     0.00  0.0283
HS-    sulphide_(aq)   0 11   1.0000 17   1.0000 14   1.0000  0
    8    -16.110   0.06820   2.0650
         0.0000    0.000000000       0.0    0.0000
         0.0000000     0.00     0.00 -0.0920
HSO3-  sulphite_(aq)   0 11   1.0000 17   1.0000 10   3.0000 14   1.0000  0
    8   -626.220   0.13975   3.3300
         0.0000    0.000000000       0.0    0.0000
         0.0000000     0.00     0.00 -0.0058
SO42-  sulphate_(aq)   0 17   1.0000 10   4.0000 14   2.0000  0
    8   -909.600   0.01883   1.3880
         0.0000    0.000000000       0.0    0.0000
         0.0000000     0.00     0.00  0.2680
HSO4-  sulphate2_(aq)   0 11   1.0000 17   1.0000 10   4.0000 14   1.0000  0
    8   -889.100   0.12552   3.5200
         0.0000    0.000000000       0.0    0.0000
         0.0000000     0.00     0.00  0.0220